80,3
80,2
80,1
80,0
79,6
79,5
79,4
79,3
79,2
79,1
79,0
78,5
18,1
18,3
14,4
14,3
13,1
13,3
78,4
78,3
78,2
78,1
78,0
77,7
77,6
77,5
77,4
77,3
77,2
77,1
77,0
76,8
76,7
76,6
76,5
76,4
76,3
76,2
76,1
76,0
75,7
75,6
75,5
75,4
75,3
75,2
75,1
75,0
74,8
74,7
74,6
74,5
74,4
74,3
74,2
74,1
74,0
73,8
73,7
73,6
73,5
73,4
73,3
73,2
73,1
73,0
72,7
72,6
72,5
72,4
72,3
72,2
72,1
72,0
71,7
71,6
71,5
71,4
71,3
71,2
71,1
71,0
70,5
70,4
70,3
70,2
70,1
70,0
69,5
69,4
69,3
69,2
2,2
69,1
2,1
69,0
2,3
68,3
68,2
68,1
68,0
67,30
67,29
67,28
67,27
67,26
67,25
67,24
67,23
67,22
67,21
67,20
67,19
67,18
67,17
67,16
67,15
67,14
67,13
67,12
67,11
67,10
67,9
67,8
67,7
67,6
67,5
67,4
67,3
67,2
67,1
66,1
66,8
65,1
65,8
64,1
64,8
63,1
63,8
62,1
62,7
61,1
61,7
60,1
60,8
59,1
59,7
58,1
58,7
57,1
57,7
56,1
56,7
54,1
54,7
53,8
53,1
53,7
52,10
52,9
52,1
52,8
51,1
51,7
14,29
14,28
14,27
14,26
14,25
14,24
14,23
14,22
14,21
14,20
14,1
14,19
0,464
0,463
0,462
0,461
0,459
0,458
0,0
97,34
97,33
97,32
97,31
97,30
97,29
97,28
97,27
97,26
